DW523LY
10296
0
0
0
0
63,84
13


DW927LV
8212
0
0
1138,38
1162
271,37
28,79


DW608VJ
9664
0
0
444,29
440,09
0
2


DW609VJ
9160
0
0
0
0
0,39
2


DW5E227
8635
0
0
0
0
0
0


DW5E228
9854
0
0
0
0
0
0


WPINK65
9374
42,89
24,9
1746,66
502,06
1000,26
5375,97


WPIYE16
6016
330,24
33,89
1355,4
390,07
1918,5
6929,34


WPIYE17
7661
24,27
56,5
1496,29
430
5985,09
24905,08


WPI21604
9079
46,85
44,77
1430,29
410,39
1605,67
8360,479


WPI21659
7856
19,95
46,5
2580,54
740,04
2924,59
645,13


DW476RA
8072
145,56
65,78
2195,02
595,5
2427,92
12846,28


DW073LX
10101
0
0
0
0
104,02
2


DW187LK
7493
169,55
109,01
2435,36
660,01
634,49
1094,18


DW934LK
9279
0
0
0
0
-21,47
2


DW283LN
8271
0
0
0
0
177,17
439,76


DW153LT
8372
0
0
651,75
733
369,83
374,18


DW154LT
7024
0
0
0
0
37,61
2


DW174LT
7189
26,01
60,6
99,92
100
246,43
708,39


DW340LT
8996
47,78
100,5
0
0
455,45
1996,02


DW341LT
9151
14,18
33
0
0
302,58
270,96


DW837LT
7437
0
0
0
0
199,38
908,52


DW113LV
9349
9,93
23,1
0
0
326,0099
455,55


DW657LX
8665
0
0
0
0
94,64
684,9


WPINK99
7897
24,07
56
0
0
22,67
1106,51


WPINY31
9650
20,23
47,1
0
0
358,71
1733,78


WPIYE19
7576
27,8
64,7
0
0
1528,69
2744,63


WPIYE20
6491
0
0
386,09
478
309,33
2


WPIYE12
7429
0
0
357,8
443
423,73
289,66


WPIYE13
9967
6,02
14
0
0
70,37
362,66


WPIYM13
9048
24,04
56
0
0
58,02
1198,72


WPIYM17
8838
11,21
26,1
0
0
207,74
921,08


WPIYM81
7913
0
0
1449,62
418,15
325,61
820,35


WPIYM80
9087
22,65
52,7
587,39
651,5
417,59
1062,52


WPIYM78
9209
12,89
30
205,17
212
200,38
1071,99


WPIYM79
8566
2,51
5,9
50,56
50,02
110
774,01


WPIVR47
7308
33,75
78,6
0
0
2265,449
3047,05


WPIVR48
10014
0
0
0
0
165,18
613,8


WPIVR49
9504
0
0
0
0
160,1
2


DW938LT
8246
0
0
286,73
355
368,56
770,33


DW524LY
7304
13,82
32,2
0
0
462,98
424,52


WPI21439
9699
12,89
30
0
0
280,74
1387,01


WPI26580
13524
0
0
0
0
133,71
384,04


WPI26581
8192
0
0
315,81
391
408,66
498,45


WPI26582
9749
47,06
27,32
1978,94
569
0
639,69


WPINY20
8745
6,83
15,9
634,04
648,5
449,02
784,83


WPINK98
10771
62,77
114
0
0
762,22
1901,08


WPINY19
8342
0
0
0
0
192,83
197,79


DW942LV
9603
17,26
40,2
0
0
526,88
334,19


